53
hCoV-19/USA/GA-GPHL-0090/2021|EPI_ISL_1262493|2021-01-20         0.0000000 0.0000670 0.0003013 0.0003014 0.0002345 0.0002345 0.0002345 0.0002010 0.0000010 0.0002345 0.0000010 0.0002345 0.0000670 0.0000670 0.0003681 0.0003015 0.0003036 0.0008708 0.0001347 0.0000345 0.0002093 0.0001392 0.0002016 0.0001680 0.0001344 0.0008988 0.0000010 0.0000010 0.0009140 0.0000010 0.0005192 0.0015586 0.0002589 0.0000010 0.0015593 0.0005195 0.0002589 0.0018277 0.0005190 0.0002588 0.0007786 0.0002588 0.0000010 0.0007788 0.0007785 0.0000010 0.0002588 0.0002588 0.0002588 0.0002588 0.0007787 0.0000010 0.0018784 
hCoV-19/USA/GA-GPHL-0005/2021|EPI_ISL_965843|2021-01-12          0.0000670 0.0000000 0.0002344 0.0002345 0.0003013 0.0003013 0.0003013 0.0002679 0.0000671 0.0003013 0.0000670 0.0003013 0.0001340 0.0001340 0.0004361 0.0002346 0.0003708 0.0008708 0.0002021 0.0001046 0.0002790 0.0002088 0.0002687 0.0002352 0.0002016 0.0008988 0.0000010 0.0000010 0.0009140 0.0000010 0.0005192 0.0015586 0.0002589 0.0000010 0.0015593 0.0005195 0.0002589 0.0018277 0.0005190 0.0002588 0.0007786 0.0002588 0.0000010 0.0007788 0.0007785 0.0000010 0.0002588 0.0002588 0.0002588 0.0002588 0.0007787 0.0000010 0.0009381 
hCoV-19/USA/GA-GPHL-0019/2020|EPI_ISL_1225320|2020-12-22         0.0003013 0.0002344 0.0000000 0.0001340 0.0003346 0.0003346 0.0003346 0.0003013 0.0003015 0.0003347 0.0003013 0.0003347 0.0003680 0.0003680 0.0004696 0.0001341 0.0004043 0.0008708 0.0002357 0.0003487 0.0003139 0.0002436 0.0003022 0.0002687 0.0002352 0.0000010 0.0000010 0.0000010 0.0009140 0.0000010 0.0005192 0.0015586 0.0002589 0.0000010 0.0015593 0.0005195 0.0002589 0.0018277 0.0005190 0.0002588 0.0007786 0.0002588 0.0000010 0.0007788 0.0007785 0.0000010 0.0002588 0.0002588 0.0002588 0.0002588 0.0007787 0.0000010 0.0009381 
hCoV-19/USA/GA-CDC-STM-000021222/2021|EPI_ISL_1269308|2021-02-15 0.0003014 0.0002345 0.0001340 0.0000000 0.0003345 0.0003345 0.0003345 0.0003012 0.0003015 0.0003348 0.0003014 0.0003347 0.0003681 0.0003681 0.0004696 0.0000670 0.0004042 0.0008708 0.0002357 0.0003487 0.0003139 0.0002436 0.0003022 0.0002687 0.0002352 0.0000010 0.0000010 0.0000010 0.0009140 0.0000010 0.0007789 0.0018187 0.0005192 0.0002589 0.0018194 0.0007794 0.0005192 0.0020890 0.0007786 0.0005190 0.0010384 0.0005190 0.0002588 0.0010386 0.0010382 0.0002588 0.0005190 0.0005190 0.0005190 0.0005190 0.0010384 0.0002588 0.0009381 
hCoV-19/USA/GA-EHC-798T/2021|EPI_ISL_6913933|2021-02-12          0.0002345 0.0003013 0.0003346 0.0003345 0.0000000 0.0001339 0.0000010 0.0000328 0.0002346 0.0002010 0.0002345 0.0002010 0.0003013 0.0003013 0.0003348 0.0003346 0.0002698 0.0008708 0.0001011 0.0002790 0.0001744 0.0001044 0.0002352 0.0002016 0.0001008 0.0000010 0.0000010 0.0000010 0.0009140 0.0000010 0.0010387 0.0020786 0.0007790 0.0005192 0.0020794 0.0010394 0.0007789 0.0023501 0.0010383 0.0007785 0.0012981 0.0007785 0.0005189 0.0012983 0.0012979 0.0005189 0.0002588 0.0007785 0.0007786 0.0007785 0.0012982 0.0005189 0.0018784 
hCoV-19/USA/GA-EHC-705E/2021|EPI_ISL_6913932|2021-02-01          0.0002345 0.0003013 0.0003346 0.0003345 0.0001339 0.0000000 0.0001339 0.0001005 0.0002346 0.0002010 0.0002345 0.0002010 0.0003013 0.0003013 0.0003348 0.0003346 0.0002698 0.0008708 0.0001011 0.0002790 0.0001744 0.0001044 0.0002352 0.0002016 0.0001008 0.0000010 0.0000010 0.0000010 0.0009140 0.0000010 0.0012986 0.0023387 0.0010389 0.0007790 0.0023396 0.0012995 0.0010388 0.0026129 0.0012982 0.0010383 0.0015581 0.0010383 0.0007785 0.0015584 0.0015578 0.0007785 0.0005190 0.0010383 0.0010384 0.0010383 0.0015582 0.0007785 0.0018784 
hCoV-19/USA/GA-EHC-962B/2021|EPI_ISL_6913934|2021-02-26          0.0002345 0.0003013 0.0003346 0.0003345 0.0000010 0.0001339 0.0000000 0.0000328 0.0002346 0.0002010 0.0002345 0.0002010 0.0003013 0.0003013 0.0003348 0.0003346 0.0002698 0.0008708 0.0001011 0.0002790 0.0001744 0.0001044 0.0002352 0.0002016 0.0001008 0.0000010 0.0000010 0.0000010 0.0009140 0.0000010 0.0010387 0.0020786 0.0007790 0.0005192 0.0020794 0.0010394 0.0007789 0.0023501 0.0010383 0.0007785 0.0012981 0.0007785 0.0005189 0.0012983 0.0012979 0.0005189 0.0002588 0.0007785 0.0007786 0.0007785 0.0012982 0.0005189 0.0018784 
hCoV-19/USA/GA-EHC-1064Z/2021|EPI_ISL_6913935|2021-03-20         0.0002010 0.0002679 0.0003013 0.0003012 0.0000328 0.0001005 0.0000328 0.0000000 0.0002011 0.0001675 0.0002010 0.0001675 0.0002679 0.0002679 0.0003014 0.0003013 0.0002361 0.0008708 0.0000674 0.0002442 0.0001395 0.0000688 0.0002016 0.0001680 0.0000672 0.0000010 0.0000010 0.0000010 0.0009140 0.0000010 0.0010387 0.0020786 0.0007790 0.0005192 0.0020794 0.0010394 0.0007789 0.0023501 0.0010383 0.0007785 0.0012981 0.0007785 0.0005189 0.0012983 0.0012979 0.0005189 0.0002588 0.0007785 0.0007786 0.0007785 0.0012982 0.0005189 0.0018784 
hCoV-19/USA/GA-CDC-2-4068850/2021|EPI_ISL_1446880|2021-01-13     0.0000010 0.0000671 0.0003015 0.0003015 0.0002346 0.0002346 0.0002346 0.0002011 0.0000000 0.0002346 0.0000010 0.0002346 0.0000671 0.0000671 0.0003682 0.0003016 0.0003037 0.0008708 0.0001347 0.0000345 0.0002093 0.0001392 0.0002016 0.0001680 0.0001344 0.0008988 0.0000010 0.0000010 0.0009140 0.0000010 0.0005192 0.0015586 0.0002589 0.0000010 0.0015593 0.0005195 0.0002589 0.0018277 0.0005190 0.0002588 0.0007786 0.0002588 0.0000010 0.0007788 0.0007785 0.0000010 0.0002588 0.0002588 0.0002588 0.0002588 0.0007787 0.0000010 0.0018784 
hCoV-19/USA/GA-CDC-2-3979391/2021|EPI_ISL_1273008|2021-02-12     0.0002345 0.0003013 0.0003347 0.0003348 0.0002010 0.0002010 0.0002010 0.0001675 0.0002346 0.0000000 0.0002345 0.0002010 0.0003013 0.0003013 0.0003348 0.0003348 0.0002699 0.0008708 0.0001011 0.0002790 0.0001744 0.0001044 0.0002352 0.0002016 0.0001008 0.0000010 0.0009136 0.0009136 0.0018291 0.0009136 0.0010390 0.0020792 0.0007792 0.0005193 0.0020800 0.0010397 0.0007791 0.0023508 0.0010386 0.0007787 0.0012985 0.0007787 0.0005190 0.0012987 0.0012983 0.0005190 0.0002588 0.0007787 0.0007788 0.0007787 0.0012985 0.0005190 0.0018784 
hCoV-19/USA/GA-CDC-2-4068909/2021|EPI_ISL_1446911|2021-01-13     0.0000010 0.0000670 0.0003013 0.0003014 0.0002345 0.0002345 0.0002345 0.0002010 0.0000010 0.0002345 0.0000000 0.0002345 0.0000670 0.0000670 0.0003681 0.0003014 0.0003036 0.0008708 0.0001347 0.0000345 0.0002093 0.0001392 0.0002016 0.0001680 0.0001344 0.0008988 0.0000010 0.0000010 0.0009140 0.0000010 0.0005192 0.0015586 0.0002589 0.0000010 0.0015593 0.0005195 0.0002589 0.0018277 0.0005190 0.0002588 0.0007786 0.0002588 0.0000010 0.0007788 0.0007785 0.0000010 0.0002588 0.0002588 0.0002588 0.0002588 0.0007787 0.0000010 0.0018784 
hCoV-19/USA/GA-CDC-2-3993058/2021|EPI_ISL_1318560|2021-02-24     0.0002345 0.0003013 0.0003347 0.0003347 0.0002010 0.0002010 0.0002010 0.0001675 0.0002346 0.0002010 0.0002345 0.0000000 0.0003013 0.0003013 0.0003348 0.0003348 0.0002699 0.0008708 0.0001011 0.0002790 0.0001744 0.0001044 0.0002352 0.0002016 0.0001008 0.0000010 0.0000010 0.0000010 0.0009140 0.0000010 0.0015585 0.0026000 0.0012988 0.0010388 0.0026010 0.0015596 0.0012987 0.0028745 0.0015580 0.0012980 0.0018179 0.0012980 0.0010382 0.0018182 0.0018176 0.0010382 0.0007786 0.0012980 0.0012982 0.0012980 0.0018180 0.0010382 0.0018784 
hCoV-19/USA/GA-CDC-2-3992991/2021|EPI_ISL_1318590|2021-02-25     0.0000670 0.0001340 0.0003680 0.0003681 0.0003013 0.0003013 0.0003013 0.0002679 0.0000671 0.0003013 0.0000670 0.0003013 0.0000000 0.0000010 0.0004361 0.0003681 0.0003708 0.0008708 0.0002021 0.0000345 0.0002790 0.0002088 0.0002687 0.0002352 0.0002016 0.0008988 0.0000010 0.0000010 0.0009140 0.0000010 0.0005192 0.0015586 0.0002589 0.0000010 0.0015593 0.0005195 0.0002589 0.0018277 0.0005190 0.0002588 0.0007786 0.0002588 0.0000010 0.0007788 0.0007785 0.0000010 0.0002588 0.0002588 0.0002588 0.0002588 0.0007787 0.0000010 0.0018784 
hCoV-19/USA/GA-CDC-2-3992965/2021|EPI_ISL_1318583|2021-02-25     0.0000670 0.0001340 0.0003680 0.0003681 0.0003013 0.0003013 0.0003013 0.0002679 0.0000671 0.0003013 0.0000670 0.0003013 0.0000010 0.0000000 0.0004361 0.0003682 0.0003709 0.0008708 0.0002021 0.0000345 0.0002791 0.0002088 0.0002687 0.0002352 0.0002016 0.0008988 0.0000010 0.0000010 0.0009140 0.0000010 0.0005192 0.0015586 0.0002589 0.0000010 0.0015593 0.0005195 0.0002589 0.0018277 0.0005190 0.0002588 0.0007786 0.0002588 0.0000010 0.0007788 0.0007785 0.0000010 0.0002588 0.0002588 0.0002588 0.0002588 0.0007787 0.0000010 0.0018784 
hCoV-19/USA/GA-CDC-STM-000008463/2021|EPI_ISL_4961567|2021-02-01 0.0003681 0.0004361 0.0004696 0.0004696 0.0003348 0.0003348 0.0003348 0.0003014 0.0003682 0.0003348 0.0003681 0.0003348 0.0004361 0.0004361 0.0000000 0.0004697 0.0004044 0.0008708 0.0002357 0.0004183 0.0003139 0.0002436 0.0003691 0.0003357 0.0002352 0.0008988 0.0000010 0.0000010 0.0009140 0.0000010 0.0010388 0.0020788 0.0007790 0.0005192 0.0020796 0.0010395 0.0007790 0.0023504 0.0010384 0.0007786 0.0012982 0.0007786 0.0005190 0.0012985 0.0012980 0.0005190 0.0002588 0.0007786 0.0007787 0.0007786 0.0012983 0.0005190 0.0056502 
hCoV-19/USA/GA-CDC-STM-000020151/2021|EPI_ISL_1269808|2021-02-21 0.0003015 0.0002346 0.0001341 0.0000670 0.0003346 0.0003346 0.0003346 0.0003013 0.0003016 0.0003348 0.0003014 0.0003348 0.0003681 0.0003682 0.0004697 0.0000000 0.0004042 0.0017433 0.0002357 0.0003487 0.0003139 0.0002436 0.0003022 0.0002687 0.0002352 0.0000010 0.0000010 0.0000010 0.0009140 0.0000010 0.0005192 0.0015586 0.0002589 0.0000010 0.0015593 0.0005195 0.0002589 0.0018277 0.0005190 0.0002588 0.0007786 0.0002588 0.0000010 0.0007788 0.0007785 0.0000010 0.0002588 0.0002588 0.0002588 0.0002588 0.0007787 0.0000010 0.0009381 
hCoV-19/USA/GA-CDC-STM-000010579/2021|EPI_ISL_1089191|2021-02-07 0.0003036 0.0003708 0.0004043 0.0004042 0.0002698 0.0002698 0.0002698 0.0002361 0.0003037 0.0002699 0.0003036 0.0002699 0.0003708 0.0003709 0.0004044 0.0004042 0.0000000 0.0008708 0.0001694 0.0003509 0.0002457 0.0001751 0.0003041 0.0002704 0.0001690 0.0000010 0.0000010 0.0000010 0.0009140 0.0000010 0.0007789 0.0018187 0.0005192 0.0002589 0.0018194 0.0007794 0.0005192 0.0020890 0.0007786 0.0005190 0.0010384 0.0005190 0.0002588 0.0010386 0.0010382 0.0002588 0.0000010 0.0005190 0.0005190 0.0005190 0.0010384 0.0002588 0.0037627 
hCoV-19/USA/GA-CDC-LC00002040/2020|EPI_ISL_887929|2020-12-27     0.0008708 0.0008708 0.0008708 0.0008708 0.0008708 0.0008708 0.0008708 0.0008708 0.0008708 0.0008708 0.0008708 0.0008708 0.0008708 0.0008708 0.0008708 0.0017433 0.0008708 0.0000000 0.0008708 0.0008708 0.0008708 0.0008708 0.0026170 0.0017433 0.0008708 0.0000010 0.0000010 0.0000010 0.0000010 0.0000010 0.0000010 0.0000010 0.0000010 0.0000010 0.0000010 0.0000010 0.0000010 0.0000010 0.0000010 0.0000010 0.0000010 0.0000010 0.0000010 0.0000010 0.0000010 0.0000010 0.0000010 0.0000010 0.0000010 0.0000010 0.0000010 0.0000010 0.0000010 
hCoV-19/USA/GA-CDC-LC0001984/2020|EPI_ISL_1029695|2020-12-26     0.0001347 0.0002021 0.0002357 0.0002357 0.0001011 0.0001011 0.0001011 0.0000674 0.0001347 0.0001011 0.0001347 0.0001011 0.0002021 0.0002021 0.0002357 0.0002357 0.0001694 0.0008708 0.0000000 0.0001744 0.0000690 0.0000010 0.0001347 0.0001011 0.0000010 0.0000010 0.0000010 0.0000010 0.0009140 0.0000010 0.0007789 0.0018187 0.0005192 0.0002589 0.0018194 0.0007794 0.0005192 0.0020890 0.0007786 0.0005190 0.0010384 0.0005190 0.0002588 0.0010386 0.0010382 0.0002588 0.0000010 0.0005190 0.0005190 0.0005190 0.0010384 0.0002588 0.0018792 
hCoV-19/USA/GA-CDC-LC0016543/2021|EPI_ISL_1161626|2021-02-09     0.0000345 0.0001046 0.0003487 0.0003487 0.0002790 0.0002790 0.0002790 0.0002442 0.0000345 0.0002790 0.0000345 0.0002790 0.0000345 0.0000345 0.0004183 0.0003487 0.0003509 0.0008708 0.0001744 0.0000000 0.0002442 0.0001804 0.0002442 0.0002093 0.0001744 0.0008988 0.0000010 0.0000010 0.0009140 0.0000010 0.0005192 0.0015586 0.0002589 0.0000010 0.0015593 0.0005195 0.0002589 0.0018277 0.0005190 0.0002588 0.0007786 0.0002588 0.0000010 0.0007788 0.0007785 0.0000010 0.0002588 0.0002588 0.0002588 0.0002588 0.0007787 0.0000010 0.0018792 
hCoV-19/USA/GA-CDC-LC0020172/2021|EPI_ISL_1221962|2021-02-22     0.0002093 0.0002790 0.0003139 0.0003139 0.0001744 0.0001744 0.0001744 0.0001395 0.0002093 0.0001744 0.0002093 0.0001744 0.0002790 0.0002791 0.0003139 0.0003139 0.0002457 0.0008708 0.0000690 0.0002442 0.0000000 0.0000717 0.0002093 0.0001744 0.0000690 0.0000010 0.0000010 0.0000010 0.0009140 0.0000010 0.0007789 0.0018187 0.0005192 0.0002589 0.0018194 0.0007794 0.0005192 0.0020890 0.0007786 0.0005190 0.0010384 0.0005190 0.0002588 0.0010386 0.0010382 0.0002588 0.0000010 0.0005190 0.0005190 0.0005190 0.0010384 0.0002588 0.0018792 
hCoV-19/USA/GA-CDC-LC00001984/2020|EPI_ISL_887659|2020-12-26     0.0001392 0.0002088 0.0002436 0.0002436 0.0001044 0.0001044 0.0001044 0.0000688 0.0001392 0.0001044 0.0001392 0.0001044 0.0002088 0.0002088 0.0002436 0.0002436 0.0001751 0.0008708 0.0000010 0.0001804 0.0000717 0.0000000 0.0001392 0.0001044 0.0000010 0.0000010 0.0000010 0.0000010 0.0009140 0.0000010 0.0007789 0.0018187 0.0005192 0.0002589 0.0018194 0.0007794 0.0005192 0.0020890 0.0007786 0.0005190 0.0010384 0.0005190 0.0002588 0.0010386 0.0010382 0.0002588 0.0000010 0.0005190 0.0005190 0.0005190 0.0010384 0.0002588 0.0018784 
hCoV-19/USA/GA-CDC-QDX21487090/2021|EPI_ISL_1086990|2021-01-25   0.0002016 0.0002687 0.0003022 0.0003022 0.0002352 0.0002352 0.0002352 0.0002016 0.0002016 0.0002352 0.0002016 0.0002352 0.0002687 0.0002687 0.0003691 0.0003022 0.0003041 0.0026170 0.0001347 0.0002442 0.0002093 0.0001392 0.0000000 0.0001008 0.0001344 0.0000010 0.0000010 0.0000010 0.0009140 0.0000010 0.0005192 0.0015586 0.0002589 0.0000010 0.0015593 0.0005195 0.0002589 0.0018277 0.0005190 0.0002588 0.0007786 0.0002588 0.0000010 0.0007788 0.0007785 0.0000010 0.0002588 0.0002588 0.0002588 0.0002588 0.0007787 0.0000010 0.0018784 
hCoV-19/USA/GA-CDC-QDX21488176/2021|EPI_ISL_1086940|2021-01-25   0.0001680 0.0002352 0.0002687 0.0002687 0.0002016 0.0002016 0.0002016 0.0001680 0.0001680 0.0002016 0.0001680 0.0002016 0.0002352 0.0002352 0.0003357 0.0002687 0.0002704 0.0017433 0.0001011 0.0002093 0.0001744 0.0001044 0.0001008 0.0000000 0.0001008 0.0000010 0.0000010 0.0000010 0.0009140 0.0000010 0.0005192 0.0015586 0.0002589 0.0000010 0.0015593 0.0005195 0.0002589 0.0018277 0.0005190 0.0002588 0.0007786 0.0002588 0.0000010 0.0007788 0.0007785 0.0000010 0.0002588 0.0002588 0.0002588 0.0002588 0.0007787 0.0000010 0.0018784 
hCoV-19/USA/GA-QDX-4182/2021|EPI_ISL_915310|2021-01-15           0.0001344 0.0002016 0.0002352 0.0002352 0.0001008 0.0001008 0.0001008 0.0000672 0.0001344 0.0001008 0.0001344 0.0001008 0.0002016 0.0002016 0.0002352 0.0002352 0.0001690 0.0008708 0.0000010 0.0001744 0.0000690 0.0000010 0.0001344 0.0001008 0.0000000 0.0000010 0.0000010 0.0000010 0.0009140 0.0000010 0.0007789 0.0018187 0.0005192 0.0002589 0.0018194 0.0007794 0.0005192 0.0020890 0.0007786 0.0005190 0.0010384 0.0005190 0.0002588 0.0010386 0.0010382 0.0002588 0.0000010 0.0005190 0.0005190 0.0005190 0.0010384 0.0002588 0.0018784 
hCoV-19/USA/GA-CDC-LC00001008/2020|EPI_ISL_887938|2020-12-26     0.0008988 0.0008988 0.0000010 0.0000010 0.0000010 0.0000010 0.0000010 0.0000010 0.0008988 0.0000010 0.0008988 0.0000010 0.0008988 0.0008988 0.0008988 0.0000010 0.0000010 0.0000010 0.0000010 0.0008988 0.0000010 0.0000010 0.0000010 0.0000010 0.0000010 0.0000000 0.0000010 0.0000010 0.0000010 0.0000010 0.0000010 0.0000010 0.0000010 0.0000010 0.0000010 0.0000010 0.0000010 0.0000010 0.0000010 0.0000010 0.0000010 0.0000010 0.0000010 0.0000010 0.0000010 0.0000010 0.0000010 0.0000010 0.0000010 0.0000010 0.0000010 0.0000010 0.0000010 
hCoV-19/USA/GA-CDC-LC00001030/2020|EPI_ISL_887932|2020-12-23     0.0000010 0.0000010 0.0000010 0.0000010 0.0000010 0.0000010 0.0000010 0.0000010 0.0000010 0.0009136 0.0000010 0.0000010 0.0000010 0.0000010 0.0000010 0.0000010 0.0000010 0.0000010 0.0000010 0.0000010 0.0000010 0.0000010 0.0000010 0.0000010 0.0000010 0.0000010 0.0000000 0.0000010 0.0009140 0.0000010 0.0000010 0.0000010 0.0000010 0.0000010 0.0000010 0.0000010 0.0000010 0.0000010 0.0000010 0.0000010 0.0000010 0.0000010 0.0000010 0.0000010 0.0000010 0.0000010 0.0000010 0.0000010 0.0000010 0.0000010 0.0000010 0.0000010 0.0000010 
hCoV-19/USA/GA-CDC-LC00001187/2020|EPI_ISL_887924|2020-12-26     0.0000010 0.0000010 0.0000010 0.0000010 0.0000010 0.0000010 0.0000010 0.0000010 0.0000010 0.0009136 0.0000010 0.0000010 0.0000010 0.0000010 0.0000010 0.0000010 0.0000010 0.0000010 0.0000010 0.0000010 0.0000010 0.0000010 0.0000010 0.0000010 0.0000010 0.0000010 0.0000010 0.0000000 0.0009140 0.0000010 0.0000010 0.0000010 0.0000010 0.0000010 0.0000010 0.0000010 0.0000010 0.0000010 0.0000010 0.0000010 0.0000010 0.0000010 0.0000010 0.0000010 0.0000010 0.0000010 0.0000010 0.0000010 0.0000010 0.0000010 0.0000010 0.0000010 0.0000010 
hCoV-19/USA/GA-CDC-LC0010659/2021|EPI_ISL_4965360|2021-01-26     0.0009140 0.0009140 0.0009140 0.0009140 0.0009140 0.0009140 0.0009140 0.0009140 0.0009140 0.0018291 0.0009140 0.0009140 0.0009140 0.0009140 0.0009140 0.0009140 0.0009140 0.0000010 0.0009140 0.0009140 0.0009140 0.0009140 0.0009140 0.0009140 0.0009140 0.0000010 0.0009140 0.0009140 0.0000000 0.0009140 0.0000010 0.0000010 0.0000010 0.0000010 0.0000010 0.0000010 0.0000010 0.0000010 0.0000010 0.0000010 0.0000010 0.0000010 0.0000010 0.0000010 0.0000010 0.0000010 0.0000010 0.0000010 0.0000010 0.0000010 0.0000010 0.0000010 0.0000010 
hCoV-19/USA/GA-CDC-LC00001207/2020|EPI_ISL_887927|2020-12-26     0.0000010 0.0000010 0.0000010 0.0000010 0.0000010 0.0000010 0.0000010 0.0000010 0.0000010 0.0009136 0.0000010 0.0000010 0.0000010 0.0000010 0.0000010 0.0000010 0.0000010 0.0000010 0.0000010 0.0000010 0.0000010 0.0000010 0.0000010 0.0000010 0.0000010 0.0000010 0.0000010 0.0000010 0.0009140 0.0000000 0.0000010 0.0000010 0.0000010 0.0000010 0.0000010 0.0000010 0.0000010 0.0000010 0.0000010 0.0000010 0.0000010 0.0000010 0.0000010 0.0000010 0.0000010 0.0000010 0.0000010 0.0000010 0.0000010 0.0000010 0.0000010 0.0000010 0.0000010 
hCoV-19/USA/GA-9210018432/2021|EPI_ISL_2019616|2021-01-14        0.0005192 0.0005192 0.0005192 0.0007789 0.0010387 0.0012986 0.0010387 0.0010387 0.0005192 0.0010390 0.0005192 0.0015585 0.0005192 0.0005192 0.0010388 0.0005192 0.0007789 0.0000010 0.0007789 0.0005192 0.0007789 0.0007789 0.0005192 0.0005192 0.0007789 0.0000010 0.0000010 0.0000010 0.0000010 0.0000010 0.0000000 0.0020785 0.0007789 0.0005192 0.0020793 0.0010393 0.0007789 0.0023500 0.0010388 0.0007789 0.0012988 0.0007789 0.0005192 0.0012990 0.0012985 0.0005192 0.0007789 0.0007789 0.0007790 0.0007789 0.0012988 0.0005192 0.0000010 
hCoV-19/USA/GA-9210033385/2021|EPI_ISL_2019595|2021-01-22        0.0015586 0.0015586 0.0015586 0.0018187 0.0020786 0.0023387 0.0020786 0.0020786 0.0015586 0.0020792 0.0015586 0.0026000 0.0015586 0.0015586 0.0020788 0.0015586 0.0018187 0.0000010 0.0018187 0.0015586 0.0018187 0.0018187 0.0015586 0.0015586 0.0018187 0.0000010 0.0000010 0.0000010 0.0000010 0.0000010 0.0020785 0.0000000 0.0018187 0.0015586 0.0031223 0.0020799 0.0018186 0.0033984 0.0020789 0.0018187 0.0023389 0.0018187 0.0015586 0.0023393 0.0023385 0.0015586 0.0018187 0.0018187 0.0018189 0.0018187 0.0023390 0.0015586 0.0000010 
hCoV-19/USA/GA-9210045427/2021|EPI_ISL_2928315|2021-02-02        0.0002589 0.0002589 0.0002589 0.0005192 0.0007790 0.0010389 0.0007790 0.0007790 0.0002589 0.0007792 0.0002589 0.0012988 0.0002589 0.0002589 0.0007790 0.0002589 0.0005192 0.0000010 0.0005192 0.0002589 0.0005192 0.0005192 0.0002589 0.0002589 0.0005192 0.0000010 0.0000010 0.0000010 0.0000010 0.0000010 0.0007789 0.0018187 0.0000000 0.0002589 0.0012993 0.0007794 0.0005192 0.0020890 0.0007791 0.0005192 0.0010390 0.0005192 0.0002589 0.0010392 0.0010388 0.0002589 0.0005192 0.0005192 0.0005193 0.0005192 0.0010390 0.0002589 0.0000010 
hCoV-19/USA/GA-9210018508/2021|EPI_ISL_2928328|2021-01-13        0.0000010 0.0000010 0.0000010 0.0002589 0.0005192 0.0007790 0.0005192 0.0005192 0.0000010 0.0005193 0.0000010 0.0010388 0.0000010 0.0000010 0.0005192 0.0000010 0.0002589 0.0000010 0.0002589 0.0000010 0.0002589 0.0002589 0.0000010 0.0000010 0.0002589 0.0000010 0.0000010 0.0000010 0.0000010 0.0000010 0.0005192 0.0015586 0.0002589 0.0000000 0.0015593 0.0005195 0.0002589 0.0018277 0.0005193 0.0002589 0.0007791 0.0002589 0.0000010 0.0007792 0.0007789 0.0000010 0.0002589 0.0002589 0.0002589 0.0002589 0.0007791 0.0000010 0.0000010 
hCoV-19/USA/GA-9210037490/2021|EPI_ISL_2928316|2021-01-22        0.0015593 0.0015593 0.0015593 0.0018194 0.0020794 0.0023396 0.0020794 0.0020794 0.0015593 0.0020800 0.0015593 0.0026010 0.0015593 0.0015593 0.0020796 0.0015593 0.0018194 0.0000010 0.0018194 0.0015593 0.0018194 0.0018194 0.0015593 0.0015593 0.0018194 0.0000010 0.0000010 0.0000010 0.0000010 0.0000010 0.0020793 0.0031223 0.0012993 0.0015593 0.0000000 0.0020807 0.0018193 0.0028752 0.0020797 0.0018194 0.0018194 0.0018194 0.0015593 0.0018197 0.0023394 0.0015593 0.0018194 0.0018194 0.0018197 0.0018194 0.0023400 0.0015593 0.0000010 
hCoV-19/USA/GA-9210018170/2021|EPI_ISL_2928326|2021-01-14        0.0005195 0.0005195 0.0005195 0.0007794 0.0010394 0.0012995 0.0010394 0.0010394 0.0005195 0.0010397 0.0005195 0.0015596 0.0005195 0.0005195 0.0010395 0.0005195 0.0007794 0.0000010 0.0007794 0.0005195 0.0007794 0.0007794 0.0005195 0.0005195 0.0007794 0.0000010 0.0000010 0.0000010 0.0000010 0.0000010 0.0010393 0.0020799 0.0007794 0.0005195 0.0020807 0.0000000 0.0007794 0.0023516 0.0010395 0.0007794 0.0012996 0.0007794 0.0005195 0.0012999 0.0012994 0.0005195 0.0007794 0.0007794 0.0007795 0.0007794 0.0012997 0.0005195 0.0000010 
hCoV-19/USA/GA-9210018498/2021|EPI_ISL_2928329|2021-01-13        0.0002589 0.0002589 0.0002589 0.0005192 0.0007789 0.0010388 0.0007789 0.0007789 0.0002589 0.0007791 0.0002589 0.0012987 0.0002589 0.0002589 0.0007790 0.0002589 0.0005192 0.0000010 0.0005192 0.0002589 0.0005192 0.0005192 0.0002589 0.0002589 0.0005192 0.0000010 0.0000010 0.0000010 0.0000010 0.0000010 0.0007789 0.0018186 0.0005192 0.0002589 0.0018193 0.0007794 0.0000000 0.0020889 0.0007790 0.0005192 0.0010389 0.0005192 0.0002589 0.0010391 0.0010387 0.0002589 0.0005192 0.0005192 0.0005193 0.0005192 0.0010390 0.0002589 0.0000010 
hCoV-19/USA/GA-9210056159/2021|EPI_ISL_2928327|2021-02-15        0.0018277 0.0018277 0.0018277 0.0020890 0.0023501 0.0026129 0.0023501 0.0023501 0.0018277 0.0023508 0.0018277 0.0028745 0.0018277 0.0018277 0.0023504 0.0018277 0.0020890 0.0000010 0.0020890 0.0018277 0.0020890 0.0020890 0.0018277 0.0018277 0.0020890 0.0000010 0.0000010 0.0000010 0.0000010 0.0000010 0.0023500 0.0033984 0.0020890 0.0018277 0.0028752 0.0023516 0.0020889 0.0000000 0.0023505 0.0020890 0.0020890 0.0020890 0.0018277 0.0020893 0.0026127 0.0018277 0.0020890 0.0020890 0.0020893 0.0020890 0.0026132 0.0018277 0.0000010 
hCoV-19/USA/GA-9210073711/2020|EPI_ISL_2924129|2020-12-05        0.0005190 0.0005190 0.0005190 0.0007786 0.0010383 0.0012982 0.0010383 0.0010383 0.0005190 0.0010386 0.0005190 0.0015580 0.0005190 0.0005190 0.0010384 0.0005190 0.0007786 0.0000010 0.0007786 0.0005190 0.0007786 0.0007786 0.0005190 0.0005190 0.0007786 0.0000010 0.0000010 0.0000010 0.0000010 0.0000010 0.0010388 0.0020789 0.0007791 0.0005193 0.0020797 0.0010395 0.0007790 0.0023505 0.0000000 0.0007786 0.0012983 0.0007786 0.0005190 0.0012985 0.0012981 0.0005190 0.0007786 0.0007786 0.0007787 0.0007786 0.0012983 0.0005190 0.0000010 
hCoV-19/USA/GA-9210034112/2021|EPI_ISL_2019697|2021-01-05        0.0002588 0.0002588 0.0002588 0.0005190 0.0007785 0.0010383 0.0007785 0.0007785 0.0002588 0.0007787 0.0002588 0.0012980 0.0002588 0.0002588 0.0007786 0.0002588 0.0005190 0.0000010 0.0005190 0.0002588 0.0005190 0.0005190 0.0002588 0.0002588 0.0005190 0.0000010 0.0000010 0.0000010 0.0000010 0.0000010 0.0007789 0.0018187 0.0005192 0.0002589 0.0018194 0.0007794 0.0005192 0.0020890 0.0007786 0.0000000 0.0010384 0.0005190 0.0002588 0.0010386 0.0010382 0.0002588 0.0005190 0.0005190 0.0005190 0.0005190 0.0010384 0.0002588 0.0000010 
hCoV-19/USA/GA-9210027257/2021|EPI_ISL_2019634|2021-01-14        0.0007786 0.0007786 0.0007786 0.0010384 0.0012981 0.0015581 0.0012981 0.0012981 0.0007786 0.0012985 0.0007786 0.0018179 0.0007786 0.0007786 0.0012982 0.0007786 0.0010384 0.0000010 0.0010384 0.0007786 0.0010384 0.0010384 0.0007786 0.0007786 0.0010384 0.0000010 0.0000010 0.0000010 0.0000010 0.0000010 0.0012988 0.0023389 0.0010390 0.0007791 0.0018194 0.0012996 0.0010389 0.0020890 0.0012983 0.0010384 0.0000000 0.0010384 0.0007786 0.0010385 0.0015580 0.0007786 0.0010384 0.0010384 0.0010385 0.0010384 0.0015583 0.0007786 0.0000010 
hCoV-19/USA/GA-9210073712/2020|EPI_ISL_2924130|2020-12-01        0.0002588 0.0002588 0.0002588 0.0005190 0.0007785 0.0010383 0.0007785 0.0007785 0.0002588 0.0007787 0.0002588 0.0012980 0.0002588 0.0002588 0.0007786 0.0002588 0.0005190 0.0000010 0.0005190 0.0002588 0.0005190 0.0005190 0.0002588 0.0002588 0.0005190 0.0000010 0.0000010 0.0000010 0.0000010 0.0000010 0.0007789 0.0018187 0.0005192 0.0002589 0.0018194 0.0007794 0.0005192 0.0020890 0.0007786 0.0005190 0.0010384 0.0000000 0.0002588 0.0010386 0.0010382 0.0002588 0.0005190 0.0005190 0.0005190 0.0005190 0.0010384 0.0002588 0.0000010 
hCoV-19/USA/GA-9210070482/2021|EPI_ISL_2020008|2021-01-19        0.0000010 0.0000010 0.0000010 0.0002588 0.0005189 0.0007785 0.0005189 0.0005189 0.0000010 0.0005190 0.0000010 0.0010382 0.0000010 0.0000010 0.0005190 0.0000010 0.0002588 0.0000010 0.0002588 0.0000010 0.0002588 0.0002588 0.0000010 0.0000010 0.0002588 0.0000010 0.0000010 0.0000010 0.0000010 0.0000010 0.0005192 0.0015586 0.0002589 0.0000010 0.0015593 0.0005195 0.0002589 0.0018277 0.0005190 0.0002588 0.0007786 0.0002588 0.0000000 0.0007788 0.0007785 0.0000010 0.0002588 0.0002588 0.0002588 0.0002588 0.0007787 0.0000010 0.0000010 
hCoV-19/USA/GA-9210070396/2020|EPI_ISL_2019982|2020-12-17        0.0007788 0.0007788 0.0007788 0.0010386 0.0012983 0.0015584 0.0012983 0.0012983 0.0007788 0.0012987 0.0007788 0.0018182 0.0007788 0.0007788 0.0012985 0.0007788 0.0010386 0.0000010 0.0010386 0.0007788 0.0010386 0.0010386 0.0007788 0.0007788 0.0010386 0.0000010 0.0000010 0.0000010 0.0000010 0.0000010 0.0012990 0.0023393 0.0010392 0.0007792 0.0018197 0.0012999 0.0010391 0.0020893 0.0012985 0.0010386 0.0010385 0.0010386 0.0007788 0.0000000 0.0015582 0.0007788 0.0010386 0.0010386 0.0010387 0.0010386 0.0015586 0.0007788 0.0000010 
hCoV-19/USA/GA-9210070402/2020|EPI_ISL_2019988|2020-12-22        0.0007785 0.0007785 0.0007785 0.0010382 0.0012979 0.0015578 0.0012979 0.0012979 0.0007785 0.0012983 0.0007785 0.0018176 0.0007785 0.0007785 0.0012980 0.0007785 0.0010382 0.0000010 0.0010382 0.0007785 0.0010382 0.0010382 0.0007785 0.0007785 0.0010382 0.0000010 0.0000010 0.0000010 0.0000010 0.0000010 0.0012985 0.0023385 0.0010388 0.0007789 0.0023394 0.0012994 0.0010387 0.0026127 0.0012981 0.0010382 0.0015580 0.0010382 0.0007785 0.0015582 0.0000000 0.0007785 0.0010382 0.0010382 0.0010383 0.0010382 0.0015580 0.0007785 0.0000010 
hCoV-19/USA/GA-9210070483/2021|EPI_ISL_2020009|2021-01-19        0.0000010 0.0000010 0.0000010 0.0002588 0.0005189 0.0007785 0.0005189 0.0005189 0.0000010 0.0005190 0.0000010 0.0010382 0.0000010 0.0000010 0.0005190 0.0000010 0.0002588 0.0000010 0.0002588 0.0000010 0.0002588 0.0002588 0.0000010 0.0000010 0.0002588 0.0000010 0.0000010 0.0000010 0.0000010 0.0000010 0.0005192 0.0015586 0.0002589 0.0000010 0.0015593 0.0005195 0.0002589 0.0018277 0.0005190 0.0002588 0.0007786 0.0002588 0.0000010 0.0007788 0.0007785 0.0000000 0.0002588 0.0002588 0.0002588 0.0002588 0.0007787 0.0000010 0.0000010 
hCoV-19/USA/GA-9210034086/2021|EPI_ISL_2019673|2021-01-04        0.0002588 0.0002588 0.0002588 0.0005190 0.0002588 0.0005190 0.0002588 0.0002588 0.0002588 0.0002588 0.0002588 0.0007786 0.0002588 0.0002588 0.0002588 0.0002588 0.0000010 0.0000010 0.0000010 0.0002588 0.0000010 0.0000010 0.0002588 0.0002588 0.0000010 0.0000010 0.0000010 0.0000010 0.0000010 0.0000010 0.0007789 0.0018187 0.0005192 0.0002589 0.0018194 0.0007794 0.0005192 0.0020890 0.0007786 0.0005190 0.0010384 0.0005190 0.0002588 0.0010386 0.0010382 0.0002588 0.0000000 0.0005190 0.0005190 0.0005190 0.0010384 0.0002588 0.0000010 
hCoV-19/USA/GA-9210070401/2020|EPI_ISL_2019987|2020-12-21        0.0002588 0.0002588 0.0002588 0.0005190 0.0007785 0.0010383 0.0007785 0.0007785 0.0002588 0.0007787 0.0002588 0.0012980 0.0002588 0.0002588 0.0007786 0.0002588 0.0005190 0.0000010 0.0005190 0.0002588 0.0005190 0.0005190 0.0002588 0.0002588 0.0005190 0.0000010 0.0000010 0.0000010 0.0000010 0.0000010 0.0007789 0.0018187 0.0005192 0.0002589 0.0018194 0.0007794 0.0005192 0.0020890 0.0007786 0.0005190 0.0010384 0.0005190 0.0002588 0.0010386 0.0010382 0.0002588 0.0005190 0.0000000 0.0005190 0.0005190 0.0010384 0.0002588 0.0000010 
hCoV-19/USA/GA-9210073689/2020|EPI_ISL_2020027|2020-12-01        0.0002588 0.0002588 0.0002588 0.0005190 0.0007786 0.0010384 0.0007786 0.0007786 0.0002588 0.0007788 0.0002588 0.0012982 0.0002588 0.0002588 0.0007787 0.0002588 0.0005190 0.0000010 0.0005190 0.0002588 0.0005190 0.0005190 0.0002588 0.0002588 0.0005190 0.0000010 0.0000010 0.0000010 0.0000010 0.0000010 0.0007790 0.0018189 0.0005193 0.0002589 0.0018197 0.0007795 0.0005193 0.0020893 0.0007787 0.0005190 0.0010385 0.0005190 0.0002588 0.0010387 0.0010383 0.0002588 0.0005190 0.0005190 0.0000000 0.0005190 0.0010386 0.0002588 0.0000010 
hCoV-19/USA/GA-9210034188/2020|EPI_ISL_2924072|2020-12-28        0.0002588 0.0002588 0.0002588 0.0005190 0.0007785 0.0010383 0.0007785 0.0007785 0.0002588 0.0007787 0.0002588 0.0012980 0.0002588 0.0002588 0.0007786 0.0002588 0.0005190 0.0000010 0.0005190 0.0002588 0.0005190 0.0005190 0.0002588 0.0002588 0.0005190 0.0000010 0.0000010 0.0000010 0.0000010 0.0000010 0.0007789 0.0018187 0.0005192 0.0002589 0.0018194 0.0007794 0.0005192 0.0020890 0.0007786 0.0005190 0.0010384 0.0005190 0.0002588 0.0010386 0.0010382 0.0002588 0.0005190 0.0005190 0.0005190 0.0000000 0.0010384 0.0002588 0.0000010 
hCoV-19/USA/GA-9210034076/2021|EPI_ISL_2019663|2021-01-08        0.0007787 0.0007787 0.0007787 0.0010384 0.0012982 0.0015582 0.0012982 0.0012982 0.0007787 0.0012985 0.0007787 0.0018180 0.0007787 0.0007787 0.0012983 0.0007787 0.0010384 0.0000010 0.0010384 0.0007787 0.0010384 0.0010384 0.0007787 0.0007787 0.0010384 0.0000010 0.0000010 0.0000010 0.0000010 0.0000010 0.0012988 0.0023390 0.0010390 0.0007791 0.0023400 0.0012997 0.0010390 0.0026132 0.0012983 0.0010384 0.0015583 0.0010384 0.0007787 0.0015586 0.0015580 0.0007787 0.0010384 0.0010384 0.0010386 0.0010384 0.0000000 0.0007787 0.0000010 
hCoV-19/USA/GA-9210034398/2020|EPI_ISL_2019806|2020-12-02        0.0000010 0.0000010 0.0000010 0.0002588 0.0005189 0.0007785 0.0005189 0.0005189 0.0000010 0.0005190 0.0000010 0.0010382 0.0000010 0.0000010 0.0005190 0.0000010 0.0002588 0.0000010 0.0002588 0.0000010 0.0002588 0.0002588 0.0000010 0.0000010 0.0002588 0.0000010 0.0000010 0.0000010 0.0000010 0.0000010 0.0005192 0.0015586 0.0002589 0.0000010 0.0015593 0.0005195 0.0002589 0.0018277 0.0005190 0.0002588 0.0007786 0.0002588 0.0000010 0.0007788 0.0007785 0.0000010 0.0002588 0.0002588 0.0002588 0.0002588 0.0007787 0.0000000 0.0000010 
hCoV-19/USA/GA-CDC-LC00003031/2020|EPI_ISL_888282|2020-12-30     0.0018784 0.0009381 0.0009381 0.0009381 0.0018784 0.0018784 0.0018784 0.0018784 0.0018784 0.0018784 0.0018784 0.0018784 0.0018784 0.0018784 0.0056502 0.0009381 0.0037627 0.0000010 0.0018792 0.0018792 0.0018792 0.0018784 0.0018784 0.0018784 0.0018784 0.0000010 0.0000010 0.0000010 0.0000010 0.0000010 0.0000010 0.0000010 0.0000010 0.0000010 0.0000010 0.0000010 0.0000010 0.0000010 0.0000010 0.0000010 0.0000010 0.0000010 0.0000010 0.0000010 0.0000010 0.0000010 0.0000010 0.0000010 0.0000010 0.0000010 0.0000010 0.0000010 0.0000000 
