52
GA-EHC-705E.cleaned.merged                                       0.0000000 0.0002346 0.0003014 0.0003347 0.0003347 0.0001340 0.0000010 0.0001340 0.0001005 0.0002347 0.0002011 0.0002346 0.0002011 0.0003014 0.0003014 0.0003349 0.0003346 0.0002699 0.0008688 0.0001011 0.0002791 0.0001744 0.0001044 0.0002352 0.0002016 0.0001008 0.0000010 0.0000010 0.0000010 0.0009232 0.0012963 0.0023347 0.0010370 0.0007775 0.0023354 0.0012971 0.0010369 0.0026049 0.0012960 0.0010364 0.0015553 0.0010364 0.0007771 0.0015556 0.0015550 0.0007771 0.0005180 0.0010364 0.0010366 0.0010364 0.0015553 0.0018447 
hCoV-19/USA/GA-GPHL-0090/2021|EPI_ISL_1262493|2021-01-20         0.0002346 0.0000000 0.0000670 0.0003014 0.0003014 0.0002345 0.0002345 0.0002345 0.0002010 0.0000010 0.0002345 0.0000010 0.0002345 0.0000670 0.0000670 0.0003682 0.0003015 0.0003037 0.0008688 0.0001348 0.0000345 0.0002093 0.0001392 0.0002016 0.0001681 0.0001345 0.0009035 0.0000010 0.0000010 0.0009232 0.0005181 0.0015558 0.0002584 0.0000010 0.0015563 0.0005185 0.0002584 0.0018218 0.0005180 0.0002582 0.0007771 0.0002582 0.0000010 0.0007773 0.0007770 0.0000010 0.0002582 0.0002582 0.0002583 0.0002582 0.0007771 0.0018447 
hCoV-19/USA/GA-GPHL-0005/2021|EPI_ISL_965843|2021-01-12          0.0003014 0.0000670 0.0000000 0.0002345 0.0002345 0.0003013 0.0003013 0.0003013 0.0002679 0.0000671 0.0003013 0.0000670 0.0003013 0.0001340 0.0001340 0.0004361 0.0002346 0.0003709 0.0008688 0.0002021 0.0001047 0.0002791 0.0002088 0.0002688 0.0002352 0.0002016 0.0009035 0.0000010 0.0000010 0.0009232 0.0005181 0.0015558 0.0002584 0.0000010 0.0015563 0.0005185 0.0002584 0.0018218 0.0005180 0.0002582 0.0007771 0.0002582 0.0000010 0.0007773 0.0007770 0.0000010 0.0002582 0.0002582 0.0002583 0.0002582 0.0007771 0.0009209 
hCoV-19/USA/GA-GPHL-0019/2020|EPI_ISL_1225320|2020-12-22         0.0003347 0.0003014 0.0002345 0.0000000 0.0001340 0.0003346 0.0003346 0.0003346 0.0003013 0.0003015 0.0003347 0.0003013 0.0003347 0.0003680 0.0003680 0.0004696 0.0001341 0.0004043 0.0008688 0.0002357 0.0003488 0.0003139 0.0002436 0.0003023 0.0002687 0.0002352 0.0000010 0.0000010 0.0000010 0.0009232 0.0005181 0.0015558 0.0002584 0.0000010 0.0015563 0.0005185 0.0002584 0.0018218 0.0005180 0.0002582 0.0007771 0.0002582 0.0000010 0.0007773 0.0007770 0.0000010 0.0002582 0.0002582 0.0002583 0.0002582 0.0007771 0.0009209 
hCoV-19/USA/GA-CDC-STM-000021222/2021|EPI_ISL_1269308|2021-02-15 0.0003347 0.0003014 0.0002345 0.0001340 0.0000000 0.0003345 0.0003345 0.0003345 0.0003012 0.0003015 0.0003348 0.0003014 0.0003348 0.0003681 0.0003681 0.0004697 0.0000670 0.0004042 0.0008688 0.0002357 0.0003488 0.0003139 0.0002436 0.0003023 0.0002687 0.0002352 0.0000010 0.0000010 0.0000010 0.0009232 0.0007774 0.0018155 0.0005183 0.0002584 0.0018160 0.0007779 0.0005182 0.0020825 0.0007772 0.0005180 0.0010364 0.0005180 0.0002582 0.0010367 0.0010362 0.0002582 0.0005180 0.0005180 0.0005181 0.0005180 0.0010364 0.0009209 
hCoV-19/USA/GA-EHC-798T/2021|EPI_ISL_6913933|2021-02-12          0.0001340 0.0002345 0.0003013 0.0003346 0.0003345 0.0000000 0.0001339 0.0000010 0.0000328 0.0002346 0.0002010 0.0002345 0.0002010 0.0003013 0.0003014 0.0003348 0.0003346 0.0002699 0.0008688 0.0001011 0.0002791 0.0001744 0.0001044 0.0002352 0.0002016 0.0001008 0.0000010 0.0000010 0.0000010 0.0009232 0.0010367 0.0020749 0.0007775 0.0005182 0.0020755 0.0010373 0.0007774 0.0023427 0.0010364 0.0007770 0.0012956 0.0007770 0.0005179 0.0012959 0.0012954 0.0005179 0.0002582 0.0007770 0.0007772 0.0007770 0.0012956 0.0018447 
hCoV-19/USA/GA-EHC-705E/2021|EPI_ISL_6913932|2021-02-01          0.0000010 0.0002345 0.0003013 0.0003346 0.0003345 0.0001339 0.0000000 0.0001339 0.0001005 0.0002346 0.0002010 0.0002345 0.0002010 0.0003013 0.0003014 0.0003348 0.0003346 0.0002699 0.0008688 0.0001011 0.0002791 0.0001744 0.0001044 0.0002352 0.0002016 0.0001008 0.0000010 0.0000010 0.0000010 0.0009232 0.0012963 0.0023347 0.0010370 0.0007775 0.0023354 0.0012971 0.0010369 0.0026049 0.0012960 0.0010364 0.0015553 0.0010364 0.0007771 0.0015556 0.0015550 0.0007771 0.0005180 0.0010364 0.0010366 0.0010364 0.0015553 0.0018447 
hCoV-19/USA/GA-EHC-962B/2021|EPI_ISL_6913934|2021-02-26          0.0001340 0.0002345 0.0003013 0.0003346 0.0003345 0.0000010 0.0001339 0.0000000 0.0000328 0.0002346 0.0002010 0.0002345 0.0002010 0.0003013 0.0003014 0.0003348 0.0003346 0.0002699 0.0008688 0.0001011 0.0002791 0.0001744 0.0001044 0.0002352 0.0002016 0.0001008 0.0000010 0.0000010 0.0000010 0.0009232 0.0010367 0.0020749 0.0007775 0.0005182 0.0020755 0.0010373 0.0007774 0.0023427 0.0010364 0.0007770 0.0012956 0.0007770 0.0005179 0.0012959 0.0012954 0.0005179 0.0002582 0.0007770 0.0007772 0.0007770 0.0012956 0.0018447 
hCoV-19/USA/GA-EHC-1064Z/2021|EPI_ISL_6913935|2021-03-20         0.0001005 0.0002010 0.0002679 0.0003013 0.0003012 0.0000328 0.0001005 0.0000328 0.0000000 0.0002011 0.0001675 0.0002010 0.0001675 0.0002679 0.0002679 0.0003014 0.0003012 0.0002362 0.0008688 0.0000674 0.0002442 0.0001395 0.0000689 0.0002016 0.0001680 0.0000672 0.0000010 0.0000010 0.0000010 0.0009232 0.0010367 0.0020749 0.0007775 0.0005182 0.0020755 0.0010373 0.0007774 0.0023427 0.0010364 0.0007770 0.0012956 0.0007770 0.0005179 0.0012959 0.0012954 0.0005179 0.0002582 0.0007770 0.0007772 0.0007770 0.0012956 0.0018447 
hCoV-19/USA/GA-CDC-2-4068850/2021|EPI_ISL_1446880|2021-01-13     0.0002347 0.0000010 0.0000671 0.0003015 0.0003015 0.0002346 0.0002346 0.0002346 0.0002011 0.0000000 0.0002346 0.0000010 0.0002346 0.0000671 0.0000671 0.0003683 0.0003016 0.0003037 0.0008688 0.0001348 0.0000345 0.0002093 0.0001392 0.0002016 0.0001681 0.0001345 0.0009035 0.0000010 0.0000010 0.0009232 0.0005181 0.0015558 0.0002584 0.0000010 0.0015563 0.0005185 0.0002584 0.0018218 0.0005180 0.0002582 0.0007771 0.0002582 0.0000010 0.0007773 0.0007770 0.0000010 0.0002582 0.0002582 0.0002583 0.0002582 0.0007771 0.0018447 
hCoV-19/USA/GA-CDC-2-3979391/2021|EPI_ISL_1273008|2021-02-12     0.0002011 0.0002345 0.0003013 0.0003347 0.0003348 0.0002010 0.0002010 0.0002010 0.0001675 0.0002346 0.0000000 0.0002345 0.0002010 0.0003013 0.0003014 0.0003348 0.0003348 0.0002700 0.0008688 0.0001011 0.0002791 0.0001744 0.0001044 0.0002352 0.0002016 0.0001008 0.0000010 0.0009227 0.0009227 0.0018472 0.0010370 0.0020755 0.0007777 0.0005183 0.0020761 0.0010377 0.0007776 0.0023434 0.0010368 0.0007773 0.0012961 0.0007773 0.0005180 0.0012964 0.0012958 0.0005180 0.0002583 0.0007773 0.0007774 0.0007773 0.0012960 0.0018447 
hCoV-19/USA/GA-CDC-2-4068909/2021|EPI_ISL_1446911|2021-01-13     0.0002346 0.0000010 0.0000670 0.0003013 0.0003014 0.0002345 0.0002345 0.0002345 0.0002010 0.0000010 0.0002345 0.0000000 0.0002345 0.0000670 0.0000670 0.0003682 0.0003015 0.0003037 0.0008688 0.0001348 0.0000345 0.0002093 0.0001392 0.0002016 0.0001681 0.0001345 0.0009035 0.0000010 0.0000010 0.0009232 0.0005181 0.0015558 0.0002584 0.0000010 0.0015563 0.0005185 0.0002584 0.0018218 0.0005180 0.0002582 0.0007771 0.0002582 0.0000010 0.0007773 0.0007770 0.0000010 0.0002582 0.0002582 0.0002583 0.0002582 0.0007771 0.0018447 
hCoV-19/USA/GA-CDC-2-3993058/2021|EPI_ISL_1318560|2021-02-24     0.0002011 0.0002345 0.0003013 0.0003347 0.0003348 0.0002010 0.0002010 0.0002010 0.0001675 0.0002346 0.0002010 0.0002345 0.0000000 0.0003013 0.0003014 0.0003348 0.0003348 0.0002700 0.0008688 0.0001011 0.0002791 0.0001744 0.0001044 0.0002352 0.0002016 0.0001008 0.0000010 0.0000010 0.0000010 0.0009232 0.0015557 0.0025957 0.0012964 0.0010369 0.0025964 0.0015568 0.0012963 0.0028659 0.0015554 0.0012957 0.0018147 0.0012957 0.0010363 0.0018151 0.0018143 0.0010363 0.0007771 0.0012957 0.0012960 0.0012957 0.0018147 0.0018447 
hCoV-19/USA/GA-CDC-2-3992991/2021|EPI_ISL_1318590|2021-02-25     0.0003014 0.0000670 0.0001340 0.0003680 0.0003681 0.0003013 0.0003013 0.0003013 0.0002679 0.0000671 0.0003013 0.0000670 0.0003013 0.0000000 0.0000010 0.0004361 0.0003682 0.0003709 0.0008688 0.0002021 0.0000345 0.0002791 0.0002088 0.0002688 0.0002352 0.0002016 0.0009035 0.0000010 0.0000010 0.0009232 0.0005181 0.0015558 0.0002584 0.0000010 0.0015563 0.0005185 0.0002584 0.0018218 0.0005180 0.0002582 0.0007771 0.0002582 0.0000010 0.0007773 0.0007770 0.0000010 0.0002582 0.0002582 0.0002583 0.0002582 0.0007771 0.0018447 
hCoV-19/USA/GA-CDC-2-3992965/2021|EPI_ISL_1318583|2021-02-25     0.0003014 0.0000670 0.0001340 0.0003680 0.0003681 0.0003014 0.0003014 0.0003014 0.0002679 0.0000671 0.0003014 0.0000670 0.0003014 0.0000010 0.0000000 0.0004361 0.0003682 0.0003709 0.0008688 0.0002021 0.0000345 0.0002791 0.0002089 0.0002688 0.0002352 0.0002016 0.0009035 0.0000010 0.0000010 0.0009232 0.0005181 0.0015558 0.0002584 0.0000010 0.0015563 0.0005185 0.0002584 0.0018218 0.0005180 0.0002582 0.0007771 0.0002582 0.0000010 0.0007773 0.0007770 0.0000010 0.0002582 0.0002582 0.0002583 0.0002582 0.0007771 0.0018447 
hCoV-19/USA/GA-CDC-STM-000008463/2021|EPI_ISL_4961567|2021-02-01 0.0003349 0.0003682 0.0004361 0.0004696 0.0004697 0.0003348 0.0003348 0.0003348 0.0003014 0.0003683 0.0003348 0.0003682 0.0003348 0.0004361 0.0004361 0.0000000 0.0004697 0.0004044 0.0008688 0.0002357 0.0004184 0.0003139 0.0002436 0.0003692 0.0003358 0.0002352 0.0009035 0.0000010 0.0000010 0.0009232 0.0010368 0.0020753 0.0007776 0.0005183 0.0020758 0.0010375 0.0007775 0.0023431 0.0010366 0.0007772 0.0012959 0.0007772 0.0005180 0.0012962 0.0012956 0.0005180 0.0002583 0.0007772 0.0007773 0.0007772 0.0012959 0.0055527 
hCoV-19/USA/GA-CDC-STM-000020151/2021|EPI_ISL_1269808|2021-02-21 0.0003346 0.0003015 0.0002346 0.0001341 0.0000670 0.0003346 0.0003346 0.0003346 0.0003012 0.0003016 0.0003348 0.0003015 0.0003348 0.0003682 0.0003682 0.0004697 0.0000000 0.0004042 0.0017398 0.0002357 0.0003488 0.0003139 0.0002436 0.0003023 0.0002687 0.0002352 0.0000010 0.0000010 0.0000010 0.0009232 0.0005181 0.0015558 0.0002584 0.0000010 0.0015563 0.0005185 0.0002584 0.0018218 0.0005180 0.0002582 0.0007771 0.0002582 0.0000010 0.0007773 0.0007770 0.0000010 0.0002582 0.0002582 0.0002583 0.0002582 0.0007771 0.0009209 
hCoV-19/USA/GA-CDC-STM-000010579/2021|EPI_ISL_1089191|2021-02-07 0.0002699 0.0003037 0.0003709 0.0004043 0.0004042 0.0002699 0.0002699 0.0002699 0.0002362 0.0003037 0.0002700 0.0003037 0.0002700 0.0003709 0.0003709 0.0004044 0.0004042 0.0000000 0.0008688 0.0001694 0.0003510 0.0002457 0.0001751 0.0003041 0.0002704 0.0001691 0.0000010 0.0000010 0.0000010 0.0009232 0.0007774 0.0018155 0.0005183 0.0002584 0.0018160 0.0007779 0.0005182 0.0020825 0.0007772 0.0005180 0.0010364 0.0005180 0.0002582 0.0010367 0.0010362 0.0002582 0.0000010 0.0005180 0.0005181 0.0005180 0.0010364 0.0036966 
hCoV-19/USA/GA-CDC-LC00002040/2020|EPI_ISL_887929|2020-12-27     0.0008688 0.0008688 0.0008688 0.0008688 0.0008688 0.0008688 0.0008688 0.0008688 0.0008688 0.0008688 0.0008688 0.0008688 0.0008688 0.0008688 0.0008688 0.0008688 0.0017398 0.0008688 0.0000000 0.0008688 0.0008688 0.0008688 0.0008688 0.0026120 0.0017398 0.0008688 0.0000010 0.0000010 0.0000010 0.0000010 0.0000010 0.0000010 0.0000010 0.0000010 0.0000010 0.0000010 0.0000010 0.0000010 0.0000010 0.0000010 0.0000010 0.0000010 0.0000010 0.0000010 0.0000010 0.0000010 0.0000010 0.0000010 0.0000010 0.0000010 0.0000010 0.0000010 
hCoV-19/USA/GA-CDC-LC0001984/2020|EPI_ISL_1029695|2020-12-26     0.0001011 0.0001348 0.0002021 0.0002357 0.0002357 0.0001011 0.0001011 0.0001011 0.0000674 0.0001348 0.0001011 0.0001348 0.0001011 0.0002021 0.0002021 0.0002357 0.0002357 0.0001694 0.0008688 0.0000000 0.0001744 0.0000690 0.0000010 0.0001347 0.0001011 0.0000010 0.0000010 0.0000010 0.0000010 0.0009232 0.0007774 0.0018155 0.0005183 0.0002584 0.0018160 0.0007779 0.0005182 0.0020825 0.0007772 0.0005180 0.0010364 0.0005180 0.0002582 0.0010367 0.0010362 0.0002582 0.0000010 0.0005180 0.0005181 0.0005180 0.0010364 0.0018455 
hCoV-19/USA/GA-CDC-LC0016543/2021|EPI_ISL_1161626|2021-02-09     0.0002791 0.0000345 0.0001047 0.0003488 0.0003488 0.0002791 0.0002791 0.0002791 0.0002442 0.0000345 0.0002791 0.0000345 0.0002791 0.0000345 0.0000345 0.0004184 0.0003488 0.0003510 0.0008688 0.0001744 0.0000000 0.0002442 0.0001804 0.0002442 0.0002093 0.0001744 0.0009035 0.0000010 0.0000010 0.0009232 0.0005181 0.0015558 0.0002584 0.0000010 0.0015563 0.0005185 0.0002584 0.0018218 0.0005180 0.0002582 0.0007771 0.0002582 0.0000010 0.0007773 0.0007770 0.0000010 0.0002582 0.0002582 0.0002583 0.0002582 0.0007771 0.0018455 
hCoV-19/USA/GA-CDC-LC0020172/2021|EPI_ISL_1221962|2021-02-22     0.0001744 0.0002093 0.0002791 0.0003139 0.0003139 0.0001744 0.0001744 0.0001744 0.0001395 0.0002093 0.0001744 0.0002093 0.0001744 0.0002791 0.0002791 0.0003139 0.0003139 0.0002457 0.0008688 0.0000690 0.0002442 0.0000000 0.0000717 0.0002093 0.0001744 0.0000690 0.0000010 0.0000010 0.0000010 0.0009232 0.0007774 0.0018155 0.0005183 0.0002584 0.0018160 0.0007779 0.0005182 0.0020825 0.0007772 0.0005180 0.0010364 0.0005180 0.0002582 0.0010367 0.0010362 0.0002582 0.0000010 0.0005180 0.0005181 0.0005180 0.0010364 0.0018455 
hCoV-19/USA/GA-CDC-LC00001984/2020|EPI_ISL_887659|2020-12-26     0.0001044 0.0001392 0.0002088 0.0002436 0.0002436 0.0001044 0.0001044 0.0001044 0.0000689 0.0001392 0.0001044 0.0001392 0.0001044 0.0002088 0.0002089 0.0002436 0.0002436 0.0001751 0.0008688 0.0000010 0.0001804 0.0000717 0.0000000 0.0001392 0.0001044 0.0000010 0.0000010 0.0000010 0.0000010 0.0009232 0.0007774 0.0018155 0.0005183 0.0002584 0.0018160 0.0007779 0.0005182 0.0020825 0.0007772 0.0005180 0.0010364 0.0005180 0.0002582 0.0010367 0.0010362 0.0002582 0.0000010 0.0005180 0.0005181 0.0005180 0.0010364 0.0018447 
hCoV-19/USA/GA-CDC-QDX21487090/2021|EPI_ISL_1086990|2021-01-25   0.0002352 0.0002016 0.0002688 0.0003023 0.0003023 0.0002352 0.0002352 0.0002352 0.0002016 0.0002016 0.0002352 0.0002016 0.0002352 0.0002688 0.0002688 0.0003692 0.0003023 0.0003041 0.0026120 0.0001347 0.0002442 0.0002093 0.0001392 0.0000000 0.0001008 0.0001344 0.0000010 0.0000010 0.0000010 0.0009232 0.0005181 0.0015558 0.0002584 0.0000010 0.0015563 0.0005185 0.0002584 0.0018218 0.0005180 0.0002582 0.0007771 0.0002582 0.0000010 0.0007773 0.0007770 0.0000010 0.0002582 0.0002582 0.0002583 0.0002582 0.0007771 0.0018447 
hCoV-19/USA/GA-CDC-QDX21488176/2021|EPI_ISL_1086940|2021-01-25   0.0002016 0.0001681 0.0002352 0.0002687 0.0002687 0.0002016 0.0002016 0.0002016 0.0001680 0.0001681 0.0002016 0.0001681 0.0002016 0.0002352 0.0002352 0.0003358 0.0002687 0.0002704 0.0017398 0.0001011 0.0002093 0.0001744 0.0001044 0.0001008 0.0000000 0.0001008 0.0000010 0.0000010 0.0000010 0.0009232 0.0005181 0.0015558 0.0002584 0.0000010 0.0015563 0.0005185 0.0002584 0.0018218 0.0005180 0.0002582 0.0007771 0.0002582 0.0000010 0.0007773 0.0007770 0.0000010 0.0002582 0.0002582 0.0002583 0.0002582 0.0007771 0.0018447 
hCoV-19/USA/GA-QDX-4182/2021|EPI_ISL_915310|2021-01-15           0.0001008 0.0001345 0.0002016 0.0002352 0.0002352 0.0001008 0.0001008 0.0001008 0.0000672 0.0001345 0.0001008 0.0001345 0.0001008 0.0002016 0.0002016 0.0002352 0.0002352 0.0001691 0.0008688 0.0000010 0.0001744 0.0000690 0.0000010 0.0001344 0.0001008 0.0000000 0.0000010 0.0000010 0.0000010 0.0009232 0.0007774 0.0018155 0.0005183 0.0002584 0.0018160 0.0007779 0.0005182 0.0020825 0.0007772 0.0005180 0.0010364 0.0005180 0.0002582 0.0010367 0.0010362 0.0002582 0.0000010 0.0005180 0.0005181 0.0005180 0.0010364 0.0018447 
hCoV-19/USA/GA-CDC-LC00001008/2020|EPI_ISL_887938|2020-12-26     0.0000010 0.0009035 0.0009035 0.0000010 0.0000010 0.0000010 0.0000010 0.0000010 0.0000010 0.0009035 0.0000010 0.0009035 0.0000010 0.0009035 0.0009035 0.0009035 0.0000010 0.0000010 0.0000010 0.0000010 0.0009035 0.0000010 0.0000010 0.0000010 0.0000010 0.0000010 0.0000000 0.0000010 0.0000010 0.0000010 0.0000010 0.0000010 0.0000010 0.0000010 0.0000010 0.0000010 0.0000010 0.0000010 0.0000010 0.0000010 0.0000010 0.0000010 0.0000010 0.0000010 0.0000010 0.0000010 0.0000010 0.0000010 0.0000010 0.0000010 0.0000010 0.0000010 
hCoV-19/USA/GA-CDC-LC00001030/2020|EPI_ISL_887932|2020-12-23     0.0000010 0.0000010 0.0000010 0.0000010 0.0000010 0.0000010 0.0000010 0.0000010 0.0000010 0.0000010 0.0009227 0.0000010 0.0000010 0.0000010 0.0000010 0.0000010 0.0000010 0.0000010 0.0000010 0.0000010 0.0000010 0.0000010 0.0000010 0.0000010 0.0000010 0.0000010 0.0000010 0.0000000 0.0000010 0.0009232 0.0000010 0.0000010 0.0000010 0.0000010 0.0000010 0.0000010 0.0000010 0.0000010 0.0000010 0.0000010 0.0000010 0.0000010 0.0000010 0.0000010 0.0000010 0.0000010 0.0000010 0.0000010 0.0000010 0.0000010 0.0000010 0.0000010 
hCoV-19/USA/GA-CDC-LC00001187/2020|EPI_ISL_887924|2020-12-26     0.0000010 0.0000010 0.0000010 0.0000010 0.0000010 0.0000010 0.0000010 0.0000010 0.0000010 0.0000010 0.0009227 0.0000010 0.0000010 0.0000010 0.0000010 0.0000010 0.0000010 0.0000010 0.0000010 0.0000010 0.0000010 0.0000010 0.0000010 0.0000010 0.0000010 0.0000010 0.0000010 0.0000010 0.0000000 0.0009232 0.0000010 0.0000010 0.0000010 0.0000010 0.0000010 0.0000010 0.0000010 0.0000010 0.0000010 0.0000010 0.0000010 0.0000010 0.0000010 0.0000010 0.0000010 0.0000010 0.0000010 0.0000010 0.0000010 0.0000010 0.0000010 0.0000010 
hCoV-19/USA/GA-CDC-LC0010659/2021|EPI_ISL_4965360|2021-01-26     0.0009232 0.0009232 0.0009232 0.0009232 0.0009232 0.0009232 0.0009232 0.0009232 0.0009232 0.0009232 0.0018472 0.0009232 0.0009232 0.0009232 0.0009232 0.0009232 0.0009232 0.0009232 0.0000010 0.0009232 0.0009232 0.0009232 0.0009232 0.0009232 0.0009232 0.0009232 0.0000010 0.0009232 0.0009232 0.0000000 0.0000010 0.0000010 0.0000010 0.0000010 0.0000010 0.0000010 0.0000010 0.0000010 0.0000010 0.0000010 0.0000010 0.0000010 0.0000010 0.0000010 0.0000010 0.0000010 0.0000010 0.0000010 0.0000010 0.0000010 0.0000010 0.0000010 
hCoV-19/USA/GA-9210018432/2021|EPI_ISL_2019616|2021-01-14        0.0012963 0.0005181 0.0005181 0.0005181 0.0007774 0.0010367 0.0012963 0.0010367 0.0010367 0.0005181 0.0010370 0.0005181 0.0015557 0.0005181 0.0005181 0.0010368 0.0005181 0.0007774 0.0000010 0.0007774 0.0005181 0.0007774 0.0007774 0.0005181 0.0005181 0.0007774 0.0000010 0.0000010 0.0000010 0.0000010 0.0000000 0.0020748 0.0007774 0.0005181 0.0020754 0.0010373 0.0007774 0.0023426 0.0010370 0.0007774 0.0012963 0.0007774 0.0005181 0.0012966 0.0012961 0.0005181 0.0007774 0.0007774 0.0007776 0.0007774 0.0012963 0.0000010 
hCoV-19/USA/GA-9210033385/2021|EPI_ISL_2019595|2021-01-22        0.0023347 0.0015558 0.0015558 0.0015558 0.0018155 0.0020749 0.0023347 0.0020749 0.0020749 0.0015558 0.0020755 0.0015558 0.0025957 0.0015558 0.0015558 0.0020753 0.0015558 0.0018155 0.0000010 0.0018155 0.0015558 0.0018155 0.0018155 0.0015558 0.0015558 0.0018155 0.0000010 0.0000010 0.0000010 0.0000010 0.0020748 0.0000000 0.0018155 0.0015558 0.0031169 0.0020762 0.0018154 0.0033883 0.0020755 0.0018155 0.0023348 0.0018155 0.0015558 0.0023354 0.0023343 0.0015558 0.0018155 0.0018155 0.0018159 0.0018155 0.0023348 0.0000010 
hCoV-19/USA/GA-9210045427/2021|EPI_ISL_2928315|2021-02-02        0.0010370 0.0002584 0.0002584 0.0002584 0.0005183 0.0007775 0.0010370 0.0007775 0.0007775 0.0002584 0.0007777 0.0002584 0.0012964 0.0002584 0.0002584 0.0007776 0.0002584 0.0005183 0.0000010 0.0005183 0.0002584 0.0005183 0.0005183 0.0002584 0.0002584 0.0005183 0.0000010 0.0000010 0.0000010 0.0000010 0.0007774 0.0018155 0.0000000 0.0002584 0.0012968 0.0007779 0.0005182 0.0020825 0.0007777 0.0005183 0.0010370 0.0005183 0.0002584 0.0010373 0.0010368 0.0002584 0.0005183 0.0005183 0.0005184 0.0005183 0.0010370 0.0000010 
hCoV-19/USA/GA-9210018508/2021|EPI_ISL_2928328|2021-01-13        0.0007775 0.0000010 0.0000010 0.0000010 0.0002584 0.0005182 0.0007775 0.0005182 0.0005182 0.0000010 0.0005183 0.0000010 0.0010369 0.0000010 0.0000010 0.0005183 0.0000010 0.0002584 0.0000010 0.0002584 0.0000010 0.0002584 0.0002584 0.0000010 0.0000010 0.0002584 0.0000010 0.0000010 0.0000010 0.0000010 0.0005181 0.0015558 0.0002584 0.0000000 0.0015563 0.0005185 0.0002584 0.0018218 0.0005183 0.0002584 0.0007776 0.0002584 0.0000010 0.0007777 0.0007774 0.0000010 0.0002584 0.0002584 0.0002584 0.0002584 0.0007776 0.0000010 
hCoV-19/USA/GA-9210037490/2021|EPI_ISL_2928316|2021-01-22        0.0023354 0.0015563 0.0015563 0.0015563 0.0018160 0.0020755 0.0023354 0.0020755 0.0020755 0.0015563 0.0020761 0.0015563 0.0025964 0.0015563 0.0015563 0.0020758 0.0015563 0.0018160 0.0000010 0.0018160 0.0015563 0.0018160 0.0018160 0.0015563 0.0015563 0.0018160 0.0000010 0.0000010 0.0000010 0.0000010 0.0020754 0.0031169 0.0012968 0.0015563 0.0000000 0.0020768 0.0018159 0.0028664 0.0020761 0.0018160 0.0018160 0.0018160 0.0015563 0.0018165 0.0023350 0.0015563 0.0018160 0.0018160 0.0018164 0.0018160 0.0023354 0.0000010 
hCoV-19/USA/GA-9210018170/2021|EPI_ISL_2928326|2021-01-14        0.0012971 0.0005185 0.0005185 0.0005185 0.0007779 0.0010373 0.0012971 0.0010373 0.0010373 0.0005185 0.0010377 0.0005185 0.0015568 0.0005185 0.0005185 0.0010375 0.0005185 0.0007779 0.0000010 0.0007779 0.0005185 0.0007779 0.0007779 0.0005185 0.0005185 0.0007779 0.0000010 0.0000010 0.0000010 0.0000010 0.0010373 0.0020762 0.0007779 0.0005185 0.0020768 0.0000000 0.0007779 0.0023441 0.0010376 0.0007779 0.0012972 0.0007779 0.0005185 0.0012975 0.0012969 0.0005185 0.0007779 0.0007779 0.0007781 0.0007779 0.0012972 0.0000010 
hCoV-19/USA/GA-9210018498/2021|EPI_ISL_2928329|2021-01-13        0.0010369 0.0002584 0.0002584 0.0002584 0.0005182 0.0007774 0.0010369 0.0007774 0.0007774 0.0002584 0.0007776 0.0002584 0.0012963 0.0002584 0.0002584 0.0007775 0.0002584 0.0005182 0.0000010 0.0005182 0.0002584 0.0005182 0.0005182 0.0002584 0.0002584 0.0005182 0.0000010 0.0000010 0.0000010 0.0000010 0.0007774 0.0018154 0.0005182 0.0002584 0.0018159 0.0007779 0.0000000 0.0020823 0.0007776 0.0005182 0.0010369 0.0005182 0.0002584 0.0010372 0.0010367 0.0002584 0.0005182 0.0005182 0.0005183 0.0005182 0.0010369 0.0000010 
hCoV-19/USA/GA-9210056159/2021|EPI_ISL_2928327|2021-02-15        0.0026049 0.0018218 0.0018218 0.0018218 0.0020825 0.0023427 0.0026049 0.0023427 0.0023427 0.0018218 0.0023434 0.0018218 0.0028659 0.0018218 0.0018218 0.0023431 0.0018218 0.0020825 0.0000010 0.0020825 0.0018218 0.0020825 0.0020825 0.0018218 0.0018218 0.0020825 0.0000010 0.0000010 0.0000010 0.0000010 0.0023426 0.0033883 0.0020825 0.0018218 0.0028664 0.0023441 0.0020823 0.0000000 0.0023433 0.0020825 0.0020825 0.0020825 0.0018218 0.0020830 0.0026045 0.0018218 0.0020825 0.0020825 0.0020829 0.0020825 0.0026050 0.0000010 
hCoV-19/USA/GA-9210073711/2020|EPI_ISL_2924129|2020-12-05        0.0012960 0.0005180 0.0005180 0.0005180 0.0007772 0.0010364 0.0012960 0.0010364 0.0010364 0.0005180 0.0010368 0.0005180 0.0015554 0.0005180 0.0005180 0.0010366 0.0005180 0.0007772 0.0000010 0.0007772 0.0005180 0.0007772 0.0007772 0.0005180 0.0005180 0.0007772 0.0000010 0.0000010 0.0000010 0.0000010 0.0010370 0.0020755 0.0007777 0.0005183 0.0020761 0.0010376 0.0007776 0.0023433 0.0000000 0.0007772 0.0012960 0.0007772 0.0005180 0.0012963 0.0012958 0.0005180 0.0007772 0.0007772 0.0007774 0.0007772 0.0012960 0.0000010 
hCoV-19/USA/GA-9210034112/2021|EPI_ISL_2019697|2021-01-05        0.0010364 0.0002582 0.0002582 0.0002582 0.0005180 0.0007770 0.0010364 0.0007770 0.0007770 0.0002582 0.0007773 0.0002582 0.0012957 0.0002582 0.0002582 0.0007772 0.0002582 0.0005180 0.0000010 0.0005180 0.0002582 0.0005180 0.0005180 0.0002582 0.0002582 0.0005180 0.0000010 0.0000010 0.0000010 0.0000010 0.0007774 0.0018155 0.0005183 0.0002584 0.0018160 0.0007779 0.0005182 0.0020825 0.0007772 0.0000000 0.0010364 0.0005180 0.0002582 0.0010367 0.0010362 0.0002582 0.0005180 0.0005180 0.0005181 0.0005180 0.0010364 0.0000010 
hCoV-19/USA/GA-9210027257/2021|EPI_ISL_2019634|2021-01-14        0.0015553 0.0007771 0.0007771 0.0007771 0.0010364 0.0012956 0.0015553 0.0012956 0.0012956 0.0007771 0.0012961 0.0007771 0.0018147 0.0007771 0.0007771 0.0012959 0.0007771 0.0010364 0.0000010 0.0010364 0.0007771 0.0010364 0.0010364 0.0007771 0.0007771 0.0010364 0.0000010 0.0000010 0.0000010 0.0000010 0.0012963 0.0023348 0.0010370 0.0007776 0.0018160 0.0012972 0.0010369 0.0020825 0.0012960 0.0010364 0.0000000 0.0010364 0.0007771 0.0010367 0.0015550 0.0007771 0.0010364 0.0010364 0.0010367 0.0010364 0.0015553 0.0000010 
hCoV-19/USA/GA-9210073712/2020|EPI_ISL_2924130|2020-12-01        0.0010364 0.0002582 0.0002582 0.0002582 0.0005180 0.0007770 0.0010364 0.0007770 0.0007770 0.0002582 0.0007773 0.0002582 0.0012957 0.0002582 0.0002582 0.0007772 0.0002582 0.0005180 0.0000010 0.0005180 0.0002582 0.0005180 0.0005180 0.0002582 0.0002582 0.0005180 0.0000010 0.0000010 0.0000010 0.0000010 0.0007774 0.0018155 0.0005183 0.0002584 0.0018160 0.0007779 0.0005182 0.0020825 0.0007772 0.0005180 0.0010364 0.0000000 0.0002582 0.0010367 0.0010362 0.0002582 0.0005180 0.0005180 0.0005181 0.0005180 0.0010364 0.0000010 
hCoV-19/USA/GA-9210070482/2021|EPI_ISL_2020008|2021-01-19        0.0007771 0.0000010 0.0000010 0.0000010 0.0002582 0.0005179 0.0007771 0.0005179 0.0005179 0.0000010 0.0005180 0.0000010 0.0010363 0.0000010 0.0000010 0.0005180 0.0000010 0.0002582 0.0000010 0.0002582 0.0000010 0.0002582 0.0002582 0.0000010 0.0000010 0.0002582 0.0000010 0.0000010 0.0000010 0.0000010 0.0005181 0.0015558 0.0002584 0.0000010 0.0015563 0.0005185 0.0002584 0.0018218 0.0005180 0.0002582 0.0007771 0.0002582 0.0000000 0.0007773 0.0007770 0.0000010 0.0002582 0.0002582 0.0002583 0.0002582 0.0007771 0.0000010 
hCoV-19/USA/GA-9210070396/2020|EPI_ISL_2019982|2020-12-17        0.0015556 0.0007773 0.0007773 0.0007773 0.0010367 0.0012959 0.0015556 0.0012959 0.0012959 0.0007773 0.0012964 0.0007773 0.0018151 0.0007773 0.0007773 0.0012962 0.0007773 0.0010367 0.0000010 0.0010367 0.0007773 0.0010367 0.0010367 0.0007773 0.0007773 0.0010367 0.0000010 0.0000010 0.0000010 0.0000010 0.0012966 0.0023354 0.0010373 0.0007777 0.0018165 0.0012975 0.0010372 0.0020830 0.0012963 0.0010367 0.0010367 0.0010367 0.0007773 0.0000000 0.0015554 0.0007773 0.0010367 0.0010367 0.0010369 0.0010367 0.0015557 0.0000010 
hCoV-19/USA/GA-9210070402/2020|EPI_ISL_2019988|2020-12-22        0.0015550 0.0007770 0.0007770 0.0007770 0.0010362 0.0012954 0.0015550 0.0012954 0.0012954 0.0007770 0.0012958 0.0007770 0.0018143 0.0007770 0.0007770 0.0012956 0.0007770 0.0010362 0.0000010 0.0010362 0.0007770 0.0010362 0.0010362 0.0007770 0.0007770 0.0010362 0.0000010 0.0000010 0.0000010 0.0000010 0.0012961 0.0023343 0.0010368 0.0007774 0.0023350 0.0012969 0.0010367 0.0026045 0.0012958 0.0010362 0.0015550 0.0010362 0.0007770 0.0015554 0.0000000 0.0007770 0.0010362 0.0010362 0.0010365 0.0010362 0.0015550 0.0000010 
hCoV-19/USA/GA-9210070483/2021|EPI_ISL_2020009|2021-01-19        0.0007771 0.0000010 0.0000010 0.0000010 0.0002582 0.0005179 0.0007771 0.0005179 0.0005179 0.0000010 0.0005180 0.0000010 0.0010363 0.0000010 0.0000010 0.0005180 0.0000010 0.0002582 0.0000010 0.0002582 0.0000010 0.0002582 0.0002582 0.0000010 0.0000010 0.0002582 0.0000010 0.0000010 0.0000010 0.0000010 0.0005181 0.0015558 0.0002584 0.0000010 0.0015563 0.0005185 0.0002584 0.0018218 0.0005180 0.0002582 0.0007771 0.0002582 0.0000010 0.0007773 0.0007770 0.0000000 0.0002582 0.0002582 0.0002583 0.0002582 0.0007771 0.0000010 
hCoV-19/USA/GA-9210034086/2021|EPI_ISL_2019673|2021-01-04        0.0005180 0.0002582 0.0002582 0.0002582 0.0005180 0.0002582 0.0005180 0.0002582 0.0002582 0.0002582 0.0002583 0.0002582 0.0007771 0.0002582 0.0002582 0.0002583 0.0002582 0.0000010 0.0000010 0.0000010 0.0002582 0.0000010 0.0000010 0.0002582 0.0002582 0.0000010 0.0000010 0.0000010 0.0000010 0.0000010 0.0007774 0.0018155 0.0005183 0.0002584 0.0018160 0.0007779 0.0005182 0.0020825 0.0007772 0.0005180 0.0010364 0.0005180 0.0002582 0.0010367 0.0010362 0.0002582 0.0000000 0.0005180 0.0005181 0.0005180 0.0010364 0.0000010 
hCoV-19/USA/GA-9210070401/2020|EPI_ISL_2019987|2020-12-21        0.0010364 0.0002582 0.0002582 0.0002582 0.0005180 0.0007770 0.0010364 0.0007770 0.0007770 0.0002582 0.0007773 0.0002582 0.0012957 0.0002582 0.0002582 0.0007772 0.0002582 0.0005180 0.0000010 0.0005180 0.0002582 0.0005180 0.0005180 0.0002582 0.0002582 0.0005180 0.0000010 0.0000010 0.0000010 0.0000010 0.0007774 0.0018155 0.0005183 0.0002584 0.0018160 0.0007779 0.0005182 0.0020825 0.0007772 0.0005180 0.0010364 0.0005180 0.0002582 0.0010367 0.0010362 0.0002582 0.0005180 0.0000000 0.0005181 0.0005180 0.0010364 0.0000010 
hCoV-19/USA/GA-9210073689/2020|EPI_ISL_2020027|2020-12-01        0.0010366 0.0002583 0.0002583 0.0002583 0.0005181 0.0007772 0.0010366 0.0007772 0.0007772 0.0002583 0.0007774 0.0002583 0.0012960 0.0002583 0.0002583 0.0007773 0.0002583 0.0005181 0.0000010 0.0005181 0.0002583 0.0005181 0.0005181 0.0002583 0.0002583 0.0005181 0.0000010 0.0000010 0.0000010 0.0000010 0.0007776 0.0018159 0.0005184 0.0002584 0.0018164 0.0007781 0.0005183 0.0020829 0.0007774 0.0005181 0.0010367 0.0005181 0.0002583 0.0010369 0.0010365 0.0002583 0.0005181 0.0005181 0.0000000 0.0005181 0.0010367 0.0000010 
hCoV-19/USA/GA-9210034188/2020|EPI_ISL_2924072|2020-12-28        0.0010364 0.0002582 0.0002582 0.0002582 0.0005180 0.0007770 0.0010364 0.0007770 0.0007770 0.0002582 0.0007773 0.0002582 0.0012957 0.0002582 0.0002582 0.0007772 0.0002582 0.0005180 0.0000010 0.0005180 0.0002582 0.0005180 0.0005180 0.0002582 0.0002582 0.0005180 0.0000010 0.0000010 0.0000010 0.0000010 0.0007774 0.0018155 0.0005183 0.0002584 0.0018160 0.0007779 0.0005182 0.0020825 0.0007772 0.0005180 0.0010364 0.0005180 0.0002582 0.0010367 0.0010362 0.0002582 0.0005180 0.0005180 0.0005181 0.0000000 0.0010364 0.0000010 
hCoV-19/USA/GA-9210034076/2021|EPI_ISL_2019663|2021-01-08        0.0015553 0.0007771 0.0007771 0.0007771 0.0010364 0.0012956 0.0015553 0.0012956 0.0012956 0.0007771 0.0012960 0.0007771 0.0018147 0.0007771 0.0007771 0.0012959 0.0007771 0.0010364 0.0000010 0.0010364 0.0007771 0.0010364 0.0010364 0.0007771 0.0007771 0.0010364 0.0000010 0.0000010 0.0000010 0.0000010 0.0012963 0.0023348 0.0010370 0.0007776 0.0023354 0.0012972 0.0010369 0.0026050 0.0012960 0.0010364 0.0015553 0.0010364 0.0007771 0.0015557 0.0015550 0.0007771 0.0010364 0.0010364 0.0010367 0.0010364 0.0000000 0.0000010 
hCoV-19/USA/GA-CDC-LC00003031/2020|EPI_ISL_888282|2020-12-30     0.0018447 0.0018447 0.0009209 0.0009209 0.0009209 0.0018447 0.0018447 0.0018447 0.0018447 0.0018447 0.0018447 0.0018447 0.0018447 0.0018447 0.0018447 0.0055527 0.0009209 0.0036966 0.0000010 0.0018455 0.0018455 0.0018455 0.0018447 0.0018447 0.0018447 0.0018447 0.0000010 0.0000010 0.0000010 0.0000010 0.0000010 0.0000010 0.0000010 0.0000010 0.0000010 0.0000010 0.0000010 0.0000010 0.0000010 0.0000010 0.0000010 0.0000010 0.0000010 0.0000010 0.0000010 0.0000010 0.0000010 0.0000010 0.0000010 0.0000010 0.0000010 0.0000000 
